%YAML:1.0
---
R: !!opencv-matrix
    rows: 3
    cols: 3
    dt: d
    data: [ 0.999606232904112320, -0.027956051197369557, -0.002416265858644939, 
            0.027930072080866040, 0.999557950901115770, -0.010188908867992445, 
            0.002700039408458395, 0.010117410331338741, 0.999945172394656860]
T: !!opencv-matrix
    rows: 3
    cols: 1
    dt: d
    data: [ -299.718199731796290000, -1.938526571364725100, 0.425513245648032390]
