%YAML:1.0
---
M1: !!opencv-matrix
    rows: 3
    cols: 3
    dt: d
    data: [ 2339.838561737104600000, 0.000000000000000000, 1231.684770344778800000, 
            0.000000000000000000, 2340.787397554194300000, 1020.910808115899600000, 
            0.000000000000000000, 0.000000000000000000, 1.000000000000000000]
D1: !!opencv-matrix
    rows: 1
    cols: 5
    dt: d
    data: [ -0.077745611652474705, 0.122654107224996960, -0.000096037611358783, 
            0.000110054623536039, -0.054962229654201181]
M2: !!opencv-matrix
    rows: 3
    cols: 3
    dt: d
    data: [ 2328.283298828847400000, 0.000000000000000000, 1224.616153012280600000, 
            0.000000000000000000, 2328.278090443795500000, 1012.333192692238200000, 
            0.000000000000000000, 0.000000000000000000, 1.000000000000000000]
D2: !!opencv-matrix
    rows: 1
    cols: 5
    dt: d
    data: [ -0.081739223223309912, 0.129580618861898780, 0.000026025243616207, 
            0.000482873082814200, -0.091091276196022031]
